1 0.10576923076923077 0.23076923076923078 0.11778846153846154 0.12259615384615384
2 0.3004807692307692 0.25240384615384615 0.12740384615384615 0.21875
1 0.4855769230769231 0.21875 0.11778846153846154 0.16826923076923078
3 0.6995192307692307 0.2283653846153846 0.12980769230769232 0.14182692307692307
0 0.8966346153846154 0.22596153846153846 0.10336538461538461 0.13221153846153846
1 0.09615384615384616 0.47836538461538464 0.10576923076923077 0.14182692307692307
1 0.2932692307692308 0.4807692307692308 0.14182692307692307 0.17307692307692307
1 0.49278846153846156 0.46634615384615385 0.11778846153846154 0.15625
0 0.6995192307692307 0.4735576923076923 0.10336538461538461 0.1466346153846154
1 0.8942307692307693 0.4735576923076923 0.11778846153846154 0.15625
2 0.09134615384615384 0.7235576923076923 0.1346153846153846 0.17307692307692307
0 0.2956730769230769 0.71875 0.12980769230769232 0.16346153846153846
0 0.5 0.7091346153846154 0.09615384615384616 0.15384615384615385
3 0.6971153846153846 0.7211538461538461 0.10576923076923077 0.13221153846153846
1 0.8942307692307693 0.7211538461538461 0.13221153846153846 0.1658653846153846