3 0.04807692307692308 0.2644230769230769 0.07211538461538461 0.08653846153846154
0 0.1466346153846154 0.2668269230769231 0.07451923076923077 0.08653846153846154
1 0.25 0.2692307692307692 0.07692307692307693 0.10336538461538461
0 0.34615384615384615 0.2692307692307692 0.07211538461538461 0.09375
3 0.44471153846153844 0.27163461538461536 0.07932692307692307 0.10336538461538461
2 0.5456730769230769 0.27403846153846156 0.07692307692307693 0.10576923076923077
3 0.6490384615384616 0.2668269230769231 0.08413461538461539 0.0985576923076923
1 0.7548076923076923 0.2668269230769231 0.09375 0.10096153846153846
3 0.8509615384615384 0.2692307692307692 0.07451923076923077 0.0985576923076923
3 0.9471153846153846 0.27163461538461536 0.07932692307692307 0.0985576923076923
0 0.05048076923076923 0.38461538461538464 0.07692307692307693 0.10336538461538461
1 0.1466346153846154 0.38221153846153844 0.09134615384615384 0.10336538461538461
2 0.24759615384615385 0.38461538461538464 0.08173076923076923 0.10096153846153846
3 0.3485576923076923 0.3870192307692308 0.07692307692307693 0.09615384615384616
0 0.4519230769230769 0.38461538461538464 0.08173076923076923 0.10096153846153846
3 0.5504807692307693 0.3870192307692308 0.0889423076923077 0.10096153846153846
3 0.6442307692307693 0.38221153846153844 0.07451923076923077 0.09375
2 0.75 0.38461538461538464 0.07211538461538461 0.10336538461538461
3 0.8485576923076923 0.38221153846153844 0.07932692307692307 0.09134615384615384
3 0.9447115384615384 0.38461538461538464 0.06490384615384616 0.0985576923076923
0 0.05048076923076923 0.5024038461538461 0.0889423076923077 0.09615384615384616
0 0.14903846153846154 0.49759615384615385 0.08173076923076923 0.09615384615384616
2 0.24759615384615385 0.49759615384615385 0.07451923076923077 0.09134615384615384
1 0.3485576923076923 0.49759615384615385 0.08173076923076923 0.10576923076923077
0 0.4495192307692308 0.5 0.08653846153846154 0.10336538461538461
1 0.5504807692307693 0.49759615384615385 0.09134615384615384 0.0985576923076923
3 0.6490384615384616 0.49759615384615385 0.08173076923076923 0.0985576923076923
3 0.75 0.49759615384615385 0.08173076923076923 0.09615384615384616
2 0.8509615384615384 0.5 0.08413461538461539 0.10576923076923077
0 0.9519230769230769 0.49759615384615385 0.07932692307692307 0.10336538461538461
3 0.04807692307692308 0.6105769230769231 0.07932692307692307 0.09615384615384616
3 0.1466346153846154 0.6129807692307693 0.08173076923076923 0.10096153846153846
3 0.24519230769230768 0.6105769230769231 0.08173076923076923 0.10096153846153846
3 0.3485576923076923 0.6105769230769231 0.08653846153846154 0.09375
3 0.44711538461538464 0.6105769230769231 0.07451923076923077 0.09375
2 0.5504807692307693 0.6129807692307693 0.09134615384615384 0.10336538461538461
1 0.6490384615384616 0.6105769230769231 0.08173076923076923 0.10096153846153846
3 0.7524038461538461 0.6081730769230769 0.08173076923076923 0.10336538461538461
3 0.8485576923076923 0.6105769230769231 0.07211538461538461 0.09375
0 0.9495192307692307 0.6105769230769231 0.0889423076923077 0.10576923076923077
1 0.04807692307692308 0.7235576923076923 0.07211538461538461 0.10336538461538461
3 0.1466346153846154 0.7259615384615384 0.07932692307692307 0.10096153846153846
0 0.25 0.7235576923076923 0.0889423076923077 0.10096153846153846
1 0.3485576923076923 0.7235576923076923 0.08173076923076923 0.09375
0 0.4519230769230769 0.7211538461538461 0.08173076923076923 0.0985576923076923
0 0.5528846153846154 0.7235576923076923 0.09134615384615384 0.0985576923076923
1 0.6514423076923077 0.7235576923076923 0.08173076923076923 0.10096153846153846
3 0.75 0.7211538461538461 0.07932692307692307 0.09375
3 0.8509615384615384 0.7259615384615384 0.0889423076923077 0.0985576923076923