0 0.04567307692307692 0.21634615384615385 0.07692307692307693 0.08653846153846154
3 0.14423076923076922 0.18269230769230768 0.0673076923076923 0.0889423076923077
1 0.22355769230769232 0.17548076923076922 0.057692307692307696 0.08173076923076923
2 0.3125 0.20673076923076922 0.06009615384615385 0.12259615384615384
1 0.40865384615384615 0.18990384615384615 0.0673076923076923 0.07932692307692307
1 0.49278846153846156 0.1875 0.07932692307692307 0.11538461538461539
1 0.5889423076923077 0.18269230769230768 0.0673076923076923 0.0985576923076923
1 0.6730769230769231 0.18990384615384615 0.07211538461538461 0.11298076923076923
1 0.7644230769230769 0.18509615384615385 0.0673076923076923 0.10576923076923077
2 0.8605769230769231 0.1971153846153846 0.07451923076923077 0.14182692307692307
1 0.9495192307692307 0.18269230769230768 0.057692307692307696 0.0673076923076923
1 0.04326923076923077 0.3245192307692308 0.038461538461538464 0.055288461538461536
1 0.13701923076923078 0.3389423076923077 0.06490384615384616 0.10096153846153846
1 0.2283653846153846 0.33413461538461536 0.07451923076923077 0.10336538461538461
1 0.32211538461538464 0.33653846153846156 0.0625 0.07692307692307693
3 0.40865384615384615 0.3293269230769231 0.08173076923076923 0.09615384615384616
1 0.5048076923076923 0.3581730769230769 0.05048076923076923 0.0673076923076923
1 0.5889423076923077 0.34134615384615385 0.07211538461538461 0.11057692307692307
1 0.6754807692307693 0.34134615384615385 0.06490384615384616 0.09134615384615384
3 0.7692307692307693 0.33413461538461536 0.055288461538461536 0.0985576923076923
1 0.8605769230769231 0.3389423076923077 0.07692307692307693 0.10576923076923077
3 0.9519230769230769 0.33413461538461536 0.055288461538461536 0.07211538461538461
1 0.038461538461538464 0.49759615384615385 0.06009615384615385 0.0889423076923077
1 0.04807692307692308 0.6298076923076923 0.0673076923076923 0.10096153846153846
1 0.040865384615384616 0.8173076923076923 0.05048076923076923 0.0625
1 0.1346153846153846 0.7884615384615384 0.06490384615384616 0.10096153846153846
1 0.22596153846153846 0.7644230769230769 0.05048076923076923 0.06971153846153846
1 0.3173076923076923 0.7908653846153846 0.07692307692307693 0.11778846153846154
1 0.40384615384615385 0.7836538461538461 0.07692307692307693 0.11298076923076923
3 0.49759615384615385 0.7740384615384616 0.06490384615384616 0.08413461538461539
1 0.5865384615384616 0.7908653846153846 0.07211538461538461 0.09375
1 0.6802884615384616 0.7908653846153846 0.06971153846153846 0.0985576923076923
1 0.7716346153846154 0.8004807692307693 0.07932692307692307 0.11298076923076923
1 0.8557692307692307 0.7596153846153846 0.02403846153846154 0.036057692307692304
1 0.9495192307692307 0.78125 0.014423076923076924 0.028846153846153848
1 0.9591346153846154 0.6274038461538461 0.055288461538461536 0.09375
0 0.9495192307692307 0.49038461538461536 0.0673076923076923 0.10576923076923077
1 0.8605769230769231 0.4951923076923077 0.0625 0.0889423076923077
2 0.7692307692307693 0.5120192307692307 0.04326923076923077 0.08413461538461539
1 0.6802884615384616 0.46153846153846156 0.03125 0.04326923076923077
1 0.5841346153846154 0.5024038461538461 0.06971153846153846 0.09375
1 0.5024038461538461 0.4831730769230769 0.014423076923076924 0.016826923076923076
1 0.5024038461538461 0.4807692307692308 0.014423076923076924 0.016826923076923076
1 0.40865384615384615 0.5 0.07211538461538461 0.10096153846153846
1 0.3173076923076923 0.49278846153846156 0.06009615384615385 0.08653846153846154
1 0.22596153846153846 0.4735576923076923 0.05048076923076923 0.07932692307692307
1 0.12980769230769232 0.49278846153846156 0.07211538461538461 0.09375
1 0.13221153846153846 0.6586538461538461 0.07451923076923077 0.11057692307692307
3 0.23076923076923078 0.6514423076923077 0.08173076923076923 0.11298076923076923
1 0.31971153846153844 0.6105769230769231 0.06009615384615385 0.06490384615384616
1 0.4110576923076923 0.6298076923076923 0.07932692307692307 0.11298076923076923
1 0.5024038461538461 0.625 0.0625 0.09134615384615384
0 0.5889423076923077 0.65625 0.07451923076923077 0.10817307692307693
1 0.6850961538461539 0.6538461538461539 0.04807692307692308 0.0673076923076923
1 0.7740384615384616 0.65625 0.06971153846153846 0.10817307692307693
2 0.8725961538461539 0.6033653846153846 0.03365384615384615 0.04326923076923077