3 0.0673076923076923 0.31490384615384615 0.11778846153846154 0.16346153846153846
1 0.2091346153846154 0.3173076923076923 0.125 0.17548076923076922
1 0.3557692307692308 0.3173076923076923 0.12259615384615384 0.16346153846153846
3 0.6442307692307693 0.3076923076923077 0.1201923076923077 0.13942307692307693
1 0.7860576923076923 0.2956730769230769 0.11778846153846154 0.12259615384615384
2 0.9254807692307693 0.3125 0.1201923076923077 0.15625
2 0.5 0.3125 0.12740384615384615 0.17548076923076922
3 0.07211538461538461 0.5048076923076923 0.11778846153846154 0.16826923076923078
0 0.21394230769230768 0.5 0.11057692307692307 0.15144230769230768
1 0.35336538461538464 0.49759615384615385 0.125 0.16346153846153846
2 0.5 0.5048076923076923 0.12740384615384615 0.1778846153846154
1 0.6418269230769231 0.5048076923076923 0.1201923076923077 0.17548076923076922
1 0.7836538461538461 0.5 0.125 0.16826923076923078
1 0.9254807692307693 0.5048076923076923 0.12259615384615384 0.16105769230769232
0 0.07211538461538461 0.6850961538461539 0.11538461538461539 0.14903846153846154
0 0.21394230769230768 0.6899038461538461 0.11538461538461539 0.16105769230769232
1 0.3605769230769231 0.6947115384615384 0.12259615384615384 0.15625
2 0.5 0.6923076923076923 0.12259615384615384 0.16346153846153846
2 0.6442307692307693 0.6875 0.125 0.16346153846153846
1 0.7836538461538461 0.6875 0.11778846153846154 0.16105769230769232
3 0.9182692307692307 0.6971153846153846 0.11057692307692307 0.15144230769230768